#######
init conditions: 
A: (v=-1738.505758687924, p=972.08391413882, m=18.35534448320567)
B: (v=3058.3281494634552, p=533.7198135762285, m=2.4032484234453784)
C: (v=1034.5852994508216, p=799.6727218271768, m=23.73989829182229)
#######
Time:
t = [0, 0, 0.005, 0.01, 0.015, 0.02, 0.025, 0.030000000000000002, 0.035, 0.035, 0.035, 0.04, 0.045, 0.049999999999999996, 0.05499999999999999, 0.05999999999999999, 0.06499999999999999, 0.06999999999999999, 0.075, 0.08, 0.085, 0.0873585664653834, 0.0923585664653834, 0.0973585664653834, 0.10235856646538341, 0.10735856646538341, 0.11235856646538342, 0.11735856646538342, 0.12235856646538343, 0.12735856646538343, 0.13235856646538344, 0.13735856646538344, 0.14235856646538345, 0.14735856646538345, 0.15235856646538345, 0.15735856646538346, 0.16235856646538346, 0.16735856646538347, 0.17235856646538347, 0.17735856646538348, 0.18235856646538348, 0.18735856646538349, 0.1923585664653835, 0.1973585664653835, 0.19937881785265296, 0.20437881785265297, 0.20937881785265297, 0.21437881785265298, 0.21937881785265298, 0.22437881785265298, 0.229378817852653, 0.234378817852653, 0.239378817852653, 0.244378817852653, 0.249378817852653, 0.254378817852653, 0.257630042701217, 0.262630042701217, 0.267630042701217, 0.272630042701217, 0.277630042701217, 0.282630042701217, 0.287630042701217, 0.292630042701217, 0.297630042701217, 0.302630042701217, 0.307630042701217, 0.3099669987272844, 0.3149669987272844, 0.3199669987272844, 0.3249669987272844, 0.3299669987272844, 0.3349669987272844, 0.3399669987272844, 0.3449669987272844, 0.34996699872728443, 0.35496699872728443, 0.35996699872728444, 0.36496699872728444, 0.36996699872728445, 0.37496699872728445, 0.37996699872728446, 0.38496699872728446, 0.38562331108678805, 0.39062331108678805, 0.39562331108678805, 0.40062331108678806, 0.40562331108678806, 0.41062331108678807, 0.41562331108678807, 0.4206233110867881, 0.4256233110867881, 0.4306233110867881, 0.4356233110867881, 0.4406233110867881, 0.4456233110867881, 0.4506233110867881, 0.4556233110867881, 0.4606233110867881, 0.4656233110867881, 0.4706233110867881, 0.4756233110867881, 0.48062331108678813, 0.48062331108678813, 0.48062331108678813, 0.48562331108678813, 0.49062331108678814, 0.49562331108678814]
Position - 0
p = [0, 0, 0, 0, 0, 0, 0, 0, 0, 33270.927896265115, 33270.927896265115, 33270.927896265115, 33270.927896265115, 33270.927896265115, 33270.927896265115, 33270.927896265115, 33270.927896265115, 33270.927896265115, 33270.927896265115, 33270.927896265115, 33270.927896265115, 33270.927896265115, 33270.927896265115, 33270.927896265115, 33270.927896265115, 33270.927896265115, 33270.927896265115, 33270.927896265115, 33270.927896265115, 33270.927896265115, 33270.927896265115, 33270.927896265115, 33270.927896265115, 33270.927896265115, 33270.927896265115, 33270.927896265115, 33270.927896265115, 33270.927896265115, 33270.927896265115, 33270.927896265115, 33270.927896265115, 33270.927896265115, 33270.927896265115, 33270.927896265115, 33270.927896265115, 33270.927896265115, 33270.927896265115, 33270.927896265115, 33270.927896265115, 33270.927896265115, 33270.927896265115, 33270.927896265115, 33270.927896265115, 33270.927896265115, 33270.927896265115, 33270.927896265115, 33270.927896265115, 33270.927896265115, 33270.927896265115, 33270.927896265115, 33270.927896265115, 33270.927896265115, 33270.927896265115, 33270.927896265115, 33270.927896265115, 33270.927896265115, 33270.927896265115, 33270.927896265115, 33270.927896265115, 33270.927896265115, 33270.927896265115, 33270.927896265115, 33270.927896265115, 33270.927896265115, 33270.927896265115, 33270.927896265115, 33270.927896265115, 33270.927896265115, 33270.927896265115, 33270.927896265115, 33270.927896265115, 33270.927896265115, 33270.927896265115, 33270.927896265115, 33270.927896265115, 33270.927896265115, 33270.927896265115, 33270.927896265115, 33270.927896265115, 33270.927896265115, 33270.927896265115, 33270.927896265115, 33270.927896265115, 33270.927896265115, 33270.927896265115, 33270.927896265115, 33270.927896265115, 33270.927896265115, 33270.927896265115, 33270.927896265115, 33270.927896265115, 33270.927896265115, 33270.927896265115, 65181.79998301879, 65181.79998301879, 65181.79998301879, 65181.79998301879, 65181.79998301879]
Position - 100
p = [0, 0, 0, 0, 0, 0, 0, 0, 0, 0, 0, 0, 0, 0, 0, 0, 0, 0, 4309.466653962838, 4309.466653962838, 4309.466653962838, 4309.466653962838, 4309.466653962838, 22255.65161597283, 22255.65161597283, 22255.65161597283, 22255.65161597283, 22255.65161597283, 22255.65161597283, 22255.65161597283, 22255.65161597283, 22255.65161597283, 22255.65161597283, 22255.65161597283, 22255.65161597283, 22255.65161597283, 22255.65161597283, 22255.65161597283, 22255.65161597283, 22255.65161597283, 22255.65161597283, 22255.65161597283, 22255.65161597283, 22255.65161597283, 22255.65161597283, 22255.65161597283, 22255.65161597283, 22255.65161597283, 22255.65161597283, 22255.65161597283, 22255.65161597283, 22255.65161597283, 22255.65161597283, 22255.65161597283, 22255.65161597283, 22255.65161597283, 22255.65161597283, 22255.65161597283, 22255.65161597283, 22255.65161597283, 22255.65161597283, 22255.65161597283, 22255.65161597283, 22255.65161597283, 22255.65161597283, 22255.65161597283, 22255.65161597283, 22255.65161597283, 22255.65161597283, 22255.65161597283, 22255.65161597283, 22255.65161597283, 22255.65161597283, 22255.65161597283, 22255.65161597283, 22255.65161597283, 22255.65161597283, 22255.65161597283, 22255.65161597283, 22255.65161597283, 22255.65161597283, 22255.65161597283, 22255.65161597283, 22255.65161597283, 22255.65161597283, 22255.65161597283, 22255.65161597283, 22255.65161597283, 22255.65161597283, 22255.65161597283, 22255.65161597283, 22255.65161597283, 22255.65161597283, 54166.52370272651, 54166.52370272651, 54166.52370272651, 54166.52370272651, 54166.52370272651, 54166.52370272651, 54166.52370272651, 54166.52370272651, 54166.52370272651, 54166.52370272651, 54166.52370272651, 54166.52370272651, 54166.52370272651, 54166.52370272651, 54166.52370272651, 54166.52370272651, 54166.52370272651]
Position - 200
p = [0, 0, 0, 0, 0, 0, 0, 4309.466653962838, 4309.466653962838, 4309.466653962838, 4309.466653962838, 4309.466653962838, 4309.466653962838, 4309.466653962838, 4309.466653962838, 4309.466653962838, 4309.466653962838, 4309.466653962838, 4309.466653962838, 4309.466653962838, 4309.466653962838, 4309.466653962838, 4309.466653962838, 4309.466653962838, 4309.466653962838, 4309.466653962838, 15324.74293425512, 15324.74293425512, 15324.74293425512, 15324.74293425512, 15324.74293425512, 15324.74293425512, 15324.74293425512, 15324.74293425512, 15324.74293425512, 15324.74293425512, 15324.74293425512, 15324.74293425512, 15324.74293425512, 15324.74293425512, 15324.74293425512, 15324.74293425512, 15324.74293425512, 15324.74293425512, 15324.74293425512, 15324.74293425512, 15324.74293425512, 33270.927896265115, 33270.927896265115, 33270.927896265115, 33270.927896265115, 33270.927896265115, 33270.927896265115, 33270.927896265115, 33270.927896265115, 33270.927896265115, 33270.927896265115, 33270.927896265115, 33270.927896265115, 33270.927896265115, 33270.927896265115, 33270.927896265115, 33270.927896265115, 33270.927896265115, 33270.927896265115, 33270.927896265115, 33270.927896265115, 33270.927896265115, 33270.927896265115, 33270.927896265115, 33270.927896265115, 33270.927896265115, 33270.927896265115, 33270.927896265115, 33270.927896265115, 33270.927896265115, 44795.05124800144, 44795.05124800144, 44795.05124800144, 44795.05124800144, 44795.05124800144, 44795.05124800144, 44795.05124800144, 44795.05124800144, 44795.05124800144, 44795.05124800144, 44795.05124800144, 44795.05124800144, 57831.87767944212, 57831.87767944212, 57831.87767944212, 57831.87767944212, 65181.79998301879, 65181.79998301879, 65181.79998301879, 65181.79998301879, 65181.79998301879, 65181.79998301879, 65181.79998301879, 65181.79998301879, 65181.79998301879, 65181.79998301879, 65181.79998301879, 65181.79998301879, 65181.79998301879, 65181.79998301879, 65181.79998301879, 65181.79998301879, 65181.79998301879, 65181.79998301879, 65181.79998301879, 65181.79998301879, 65181.79998301879, 65181.79998301879, 65181.79998301879, 65181.79998301879]
Position - 300
p = [0, 0, 0, 0, 0, 0, 0, 0, 0, 0, 0, 0, 0, 0, 0, 0, 0, 0, 0, 0, 0, 0, 0, 0, 0, 0, 0, 0, 11015.276280292283, 11015.276280292283, 11015.276280292283, 11015.276280292283, 11015.276280292283, 11015.276280292283, 11015.276280292283, 11015.276280292283, 11015.276280292283, 11015.276280292283, 11015.276280292283, 11015.276280292283, 11015.276280292283, 11015.276280292283, 11015.276280292283, 11015.276280292283, 11015.276280292283, 11015.276280292283, 11015.276280292283, 11015.276280292283, 11015.276280292283, 11015.276280292283, 11015.276280292283, 11015.276280292283, 11015.276280292283, 11015.276280292283, 11015.276280292283, 25330.01311799498, 25330.01311799498, 25330.01311799498, 25330.01311799498, 25330.01311799498, 40485.5845940386, 40485.5845940386, 40485.5845940386, 40485.5845940386, 40485.5845940386, 40485.5845940386, 40485.5845940386, 40485.5845940386, 40485.5845940386, 40485.5845940386, 40485.5845940386, 40485.5845940386, 40485.5845940386, 40485.5845940386, 40485.5845940386, 40485.5845940386, 40485.5845940386, 40485.5845940386, 40485.5845940386, 40485.5845940386, 40485.5845940386, 40485.5845940386, 53522.41102547928, 53522.41102547928, 53522.41102547928, 53522.41102547928, 53522.41102547928, 53522.41102547928, 53522.41102547928, 53522.41102547928, 53522.41102547928, 53522.41102547928, 53522.41102547928, 53522.41102547928, 53522.41102547928, 53522.41102547928, 53522.41102547928, 60872.33332905595, 60872.33332905595, 60872.33332905595, 60872.33332905595, 60872.33332905595, 60872.33332905595, 60872.33332905595, 60872.33332905595, 60872.33332905595, 60872.33332905595, 60872.33332905595, 60872.33332905595, 60872.33332905595, 60872.33332905595, 60872.33332905595, 60872.33332905595, 60872.33332905595]
Position - 400
p = [0, 0, 0, 0, 0, 0, 0, 0, 0, 0, 0, 0, 0, 0, 0, 0, 0, 0, 0, 0, 0, 0, 0, 0, 0, 0, 0, 0, 0, 0, 0, 0, 0, 11015.276280292283, 11015.276280292283, 11015.276280292283, 11015.276280292283, 11015.276280292283, 11015.276280292283, 11015.276280292283, 11015.276280292283, 11015.276280292283, 11015.276280292283, 11015.276280292283, 11015.276280292283, 11015.276280292283, 11015.276280292283, 11015.276280292283, 11015.276280292283, 11015.276280292283, 11015.276280292283, 25330.01311799498, 25330.01311799498, 25330.01311799498, 25330.01311799498, 25330.01311799498, 25330.01311799498, 25330.01311799498, 25330.01311799498, 25330.01311799498, 25330.01311799498, 25330.01311799498, 25330.01311799498, 40485.5845940386, 40485.5845940386, 40485.5845940386, 40485.5845940386, 40485.5845940386, 40485.5845940386, 40485.5845940386, 40485.5845940386, 40485.5845940386, 40485.5845940386, 40485.5845940386, 40485.5845940386, 40485.5845940386, 40485.5845940386, 40485.5845940386, 53522.41102547928, 53522.41102547928, 53522.41102547928, 53522.41102547928, 53522.41102547928, 53522.41102547928, 53522.41102547928, 53522.41102547928, 53522.41102547928, 53522.41102547928, 53522.41102547928, 53522.41102547928, 53522.41102547928, 53522.41102547928, 53522.41102547928, 53522.41102547928, 53522.41102547928, 53522.41102547928, 53522.41102547928, 53522.41102547928, 53522.41102547928, 53522.41102547928, 53522.41102547928, 53522.41102547928, 53522.41102547928, 60872.33332905595, 60872.33332905595, 60872.33332905595, 60872.33332905595, 60872.33332905595, 60872.33332905595, 60872.33332905595, 60872.33332905595, 60872.33332905595, 60872.33332905595, 60872.33332905595]
Position - 500
p = [0, 0, 0, 0, 0, 0, 0, 0, 0, 0, 0, 0, 0, 0, 0, 0, 0, 0, 0, 0, 0, 0, 0, 0, 0, 0, 0, 0, 0, 0, 0, 0, 0, 0, 0, 0, 0, 11015.276280292283, 11015.276280292283, 11015.276280292283, 11015.276280292283, 11015.276280292283, 11015.276280292283, 11015.276280292283, 11015.276280292283, 11015.276280292283, 11015.276280292283, 11015.276280292283, 25330.01311799498, 25330.01311799498, 25330.01311799498, 25330.01311799498, 25330.01311799498, 25330.01311799498, 25330.01311799498, 25330.01311799498, 25330.01311799498, 25330.01311799498, 25330.01311799498, 25330.01311799498, 25330.01311799498, 25330.01311799498, 25330.01311799498, 25330.01311799498, 25330.01311799498, 25330.01311799498, 40485.5845940386, 40485.5845940386, 40485.5845940386, 40485.5845940386, 40485.5845940386, 40485.5845940386, 40485.5845940386, 40485.5845940386, 40485.5845940386, 53522.41102547928, 53522.41102547928, 53522.41102547928, 53522.41102547928, 53522.41102547928, 53522.41102547928, 53522.41102547928, 53522.41102547928, 53522.41102547928, 53522.41102547928, 53522.41102547928, 53522.41102547928, 53522.41102547928, 53522.41102547928, 53522.41102547928, 53522.41102547928, 53522.41102547928, 53522.41102547928, 53522.41102547928, 53522.41102547928, 53522.41102547928, 53522.41102547928, 53522.41102547928, 53522.41102547928, 53522.41102547928, 53522.41102547928, 53522.41102547928, 53522.41102547928, 53522.41102547928, 53522.41102547928, 53522.41102547928, 53522.41102547928, 53522.41102547928, 53522.41102547928, 53522.41102547928, 60872.33332905595, 60872.33332905595, 60872.33332905595, 60872.33332905595]
Position - 600
p = [0, 0, 0, 0, 0, 0, 0, 0, 0, 0, 0, 0, 0, 0, 0, 0, 0, 0, 0, 0, 0, 0, 0, 0, 0, 0, 0, 0, 0, 0, 0, 0, 0, 0, 0, 0, 0, 0, 0, 0, 0, 11015.276280292283, 11015.276280292283, 11015.276280292283, 11015.276280292283, 25330.01311799498, 25330.01311799498, 25330.01311799498, 25330.01311799498, 25330.01311799498, 25330.01311799498, 25330.01311799498, 25330.01311799498, 25330.01311799498, 25330.01311799498, 25330.01311799498, 25330.01311799498, 25330.01311799498, 25330.01311799498, 25330.01311799498, 25330.01311799498, 25330.01311799498, 25330.01311799498, 25330.01311799498, 25330.01311799498, 25330.01311799498, 28961.461242302274, 28961.461242302274, 28961.461242302274, 28961.461242302274, 28961.461242302274, 28961.461242302274, 28961.461242302274, 28961.461242302274, 28961.461242302274, 28961.461242302274, 28961.461242302274, 28961.461242302274, 28961.461242302274, 28961.461242302274, 28961.461242302274, 28961.461242302274, 28961.461242302274, 28961.461242302274, 28961.461242302274, 28961.461242302274, 28961.461242302274, 28961.461242302274, 28961.461242302274, 28961.461242302274, 28961.461242302274, 28961.461242302274, 28961.461242302274, 28961.461242302274, 28961.461242302274, 28961.461242302274, 28961.461242302274, 28961.461242302274, 28961.461242302274, 28961.461242302274, 28961.461242302274, 28961.461242302274, 28961.461242302274, 28961.461242302274, 28961.461242302274, 28961.461242302274, 28961.461242302274, 28961.461242302274, 28961.461242302274, 28961.461242302274]
Position - 700
p = [0, 0, 0, 0, 0, 0, 0, 0, 0, 0, 0, 0, 0, 0, 0, 0, 0, 0, 0, 0, 0, 0, 0, 0, 0, 0, 0, 0, 28961.461242302277, 28961.461242302277, 28961.461242302277, 28961.461242302277, 28961.461242302277, 28961.461242302277, 28961.461242302277, 28961.461242302277, 28961.461242302277, 28961.461242302277, 28961.461242302277, 28961.461242302277, 28961.461242302277, 28961.461242302277, 28961.461242302277, 28961.461242302277, 28961.461242302277, 28961.461242302277, 28961.461242302277, 28961.461242302277, 28961.461242302277, 28961.461242302277, 28961.461242302277, 28961.461242302277, 28961.461242302277, 28961.461242302277, 28961.461242302277, 28961.461242302277, 28961.461242302277, 28961.461242302277, 28961.461242302277, 28961.461242302277, 28961.461242302277, 28961.461242302277, 28961.461242302277, 28961.461242302277, 28961.461242302277, 28961.461242302277, 28961.461242302277, 28961.461242302277, 28961.461242302277, 28961.461242302277, 28961.461242302277, 28961.461242302277, 28961.461242302277, 28961.461242302277, 28961.461242302277, 28961.461242302277, 28961.461242302277, 28961.461242302277, 28961.461242302277, 28961.461242302277, 28961.461242302277, 28961.461242302277, 28961.461242302277, 28961.461242302277, 28961.461242302277, 28961.461242302277, 53522.41102547929, 53522.41102547929, 53522.41102547929, 53522.41102547929, 53522.41102547929, 53522.41102547929, 53522.41102547929, 53522.41102547929, 53522.41102547929, 53522.41102547929, 53522.41102547929, 53522.41102547929, 53522.41102547929, 53522.41102547929, 53522.41102547929, 53522.41102547929, 53522.41102547929, 53522.41102547929, 53522.41102547929, 53522.41102547929, 53522.41102547929, 53522.41102547929]
Position - 800
p = [0, 0, 0, 0, 0, 0, 0, 0, 0, 0, 0, 28961.461242302277, 28961.461242302277, 28961.461242302277, 28961.461242302277, 28961.461242302277, 28961.461242302277, 28961.461242302277, 28961.461242302277, 28961.461242302277, 28961.461242302277, 28961.461242302277, 28961.461242302277, 28961.461242302277, 28961.461242302277, 28961.461242302277, 28961.461242302277, 28961.461242302277, 28961.461242302277, 28961.461242302277, 28961.461242302277, 28961.461242302277, 28961.461242302277, 28961.461242302277, 28961.461242302277, 28961.461242302277, 28961.461242302277, 28961.461242302277, 28961.461242302277, 28961.461242302277, 28961.461242302277, 28961.461242302277, 28961.461242302277, 28961.461242302277, 28961.461242302277, 28961.461242302277, 28961.461242302277, 28961.461242302277, 28961.461242302277, 28961.461242302277, 28961.461242302277, 28961.461242302277, 28961.461242302277, 28961.461242302277, 28961.461242302277, 28961.461242302277, 28961.461242302277, 28961.461242302277, 28961.461242302277, 28961.461242302277, 28961.461242302277, 28961.461242302277, 28961.461242302277, 28961.461242302277, 28961.461242302277, 28961.461242302277, 28961.461242302277, 28961.461242302277, 28961.461242302277, 28961.461242302277, 28961.461242302277, 28961.461242302277, 28961.461242302277, 28961.461242302277, 28961.461242302277, 28961.461242302277, 28961.461242302277, 28961.461242302277, 28961.461242302277, 28961.461242302277, 28961.461242302277, 28961.461242302277, 28961.461242302277, 28961.461242302277, 28961.461242302277, 28961.461242302277, 28961.461242302277, 28961.461242302277, 28961.461242302277, 28961.461242302277, 28961.461242302277, 28961.461242302277, 28961.461242302277, 28961.461242302277, 28961.461242302277, 28961.461242302277, 28961.461242302277, 28961.461242302277, 28961.461242302277, 28961.461242302277, 28961.461242302277, 28961.461242302277, 28961.461242302277, 28961.461242302277, 28961.461242302277, 28961.461242302277, 53522.41102547929, 53522.41102547929]
Position - 900
p = [0, 0, 0, 0, 0, 0, 0, 0, 0, 0, 0, 0, 0, 0, 0, 0, 0, 0, 0, 0, 0, 0, 0, 0, 0, 0, 0, 0, 0, 0, 0, 0, 0, 0, 0, 0, 0, 0, 0, 0, 0, 0, 0, 0, 0, 0, 0, 0, 0, 0, 0, 0, 0, 0, 0, 0, 0, 0, 0, 0, 0, 0, 0, 0, 0, 0, 0, 0, 0, 0, 0, 0, 0, 0, 0, 0, 0, 0, 0, 0, 0, 0, 0, 0, 0, 0, 0, 0, 0, 0, 0, 0, 0, 0, 0, 0, 0, 0, 0, 0, 0, 0, 0, 0]
------
